Ile_de_France 0
Centre_Val_de_Loire 15
1 29 0 2 18.0755
1 29 1 2 18.0475
1 29 2 2 17.9503
1 29 3 2 18.0227
1 29 4 2 18.2237
1 29 5 2 18.089
1 29 6 2 18.0564
1 29 7 2 17.9937
1 29 8 2 17.8237
1 29 9 2 17.8065
1 29 10 2 17.8391
1 29 11 2 17.7795
1 29 12 2 17.8542
1 29 13 2 18.2847
1 29 14 2 18.5453
Bourgogne_Franche_Comte 0
Normandie 0
Hauts_de_France 0
Grand_Est 15
1 29 1 6 27.2935
1 29 2 6 27.3698
1 29 3 6 27.1383
1 29 4 6 27.4212
1 29 5 6 27.695
1 29 6 6 27.6088
1 29 7 6 26.8052
1 29 8 6 27.066
1 29 9 6 27.0338
1 29 10 6 27.0796
1 29 11 6 27.0633
1 29 12 6 27.1332
1 29 13 6 27.2082
1 29 14 6 27.6504
1 29 15 6 27.9536
Pays_de_la_Loire 0
Bretagne 0
Nouvelle_Aquitaine 15
1 29 0 9 30.5064
1 29 1 9 31.555
1 29 2 9 32.1703
1 29 3 9 32.4976
1 29 4 9 32.1763
1 29 5 9 32.2786
1 29 6 9 31.0581
1 29 7 9 30.7596
1 29 8 9 30.1853
1 29 9 9 30.5224
1 29 10 9 31.1222
1 29 11 9 31.6221
1 29 12 9 30.8841
1 29 13 9 31.0047
1 29 14 9 31.1135
Occitanie 15
1 29 0 10 30.9122
1 29 1 10 30.8865
1 29 2 10 30.6511
1 29 3 10 30.6125
1 29 4 10 29.7624
1 29 5 10 30.008
1 29 6 10 29.248
1 29 7 10 28.1315
1 29 8 10 27.1818
1 29 9 10 26.7803
1 29 10 10 26.8009
1 29 11 10 27.5519
1 29 12 10 27.3717
1 29 13 10 27.737
1 29 14 10 27.6065
Auvergne_Rhone_Alpes 15
1 29 0 11 26.0243
1 29 1 11 27.4813
1 29 2 11 27.3503
1 29 3 11 27.6866
1 29 4 11 28.2203
1 29 5 11 28.2734
1 29 6 11 27.7806
1 29 7 11 26.7414
1 29 8 11 26.8294
1 29 9 11 26.545
1 29 10 11 26.5735
1 29 11 11 26.752
1 29 12 11 27.0067
1 29 13 11 27.8047
1 29 14 11 27.6943
Provence_Alpes_Cote_d'Azur 0
