Sequentielle 100
1 1 0 2 19.7836
1 1 1 2 19.6619
1 1 2 2 19.7877
1 1 3 2 19.9151
1 1 4 2 19.3592
1 1 5 2 19.7009
1 1 6 2 19.248
1 1 7 2 19.6586
1 1 8 2 19.589
1 1 9 2 19.4535
1 1 10 2 19.5937
1 1 11 2 19.5909
1 1 12 2 19.6178
1 1 13 2 19.7213
1 1 14 2 19.6968
1 1 15 2 19.7207
1 1 16 2 19.638
1 1 17 2 19.4924
1 1 18 2 19.5075
1 1 19 2 19.5206
1 1 20 2 19.5086
1 1 21 2 19.2656
1 1 22 2 19.2796
1 1 23 2 19.3303
1 2 0 2 19.4101
1 2 1 2 18.9424
1 2 2 2 18.8666
1 2 3 2 19.3349
1 2 4 2 19.3319
1 2 5 2 19.3475
1 2 6 2 18.8603
1 2 7 2 18.881
1 2 8 2 19.6541
1 2 9 2 19.5459
1 2 10 2 19.8517
1 2 11 2 20.0619
1 2 12 2 20.0708
1 2 13 2 19.5264
1 2 14 2 20.0202
1 2 15 2 19.5625
1 2 16 2 19.9723
1 2 17 2 20.0419
1 2 18 2 19.929
1 2 19 2 20.0253
1 2 20 2 20.0455
1 2 21 2 19.9948
1 2 22 2 19.9323
1 2 23 2 19.9995
1 3 0 2 20.0415
1 3 1 2 20.0914
1 3 2 2 20.2209
1 3 4 2 20.1666
1 3 5 2 20.2703
1 3 6 2 20.1824
1 3 7 2 20.1291
1 3 8 2 20.1601
1 3 12 2 20.0292
1 3 16 2 20.226
1 3 17 2 20.0019
1 3 18 2 19.983
1 3 19 2 19.9672
1 3 20 2 19.8758
1 3 21 2 19.8582
1 3 22 2 19.8744
1 3 23 2 19.8953
1 4 0 2 19.9761
1 4 1 2 20.0437
1 4 2 2 20.0131
1 4 3 2 20.0179
1 4 4 2 20.0701
1 4 5 2 19.9975
1 4 6 2 19.954
1 4 13 2 19.4599
1 4 19 2 19.7732
1 4 20 2 19.7533
1 4 21 2 19.7656
1 4 22 2 19.7962
1 4 23 2 19.7586
1 5 0 2 20.0531
1 5 1 2 20.0324
1 5 2 2 20.0255
1 5 3 2 20.0425
1 5 4 2 20.0498
1 5 5 2 20.0553
1 5 6 2 20.0524
1 5 7 2 20.066
1 5 10 2 19.9746
1 5 15 2 19.7088
1 5 16 2 20.1287
1 5 17 2 20.1142
1 5 19 2 20.095
1 5 20 2 20.1224
1 5 21 2 20.1171
1 5 22 2 20.0904
1 5 23 2 20.107
1 6 0 2 20.1531
1 6 2 2 20.1141
1 6 3 2 19.9085
1 6 4 2 19.9033
1 6 5 2 19.9053
